Curveplot
CPU and Clock percentage(%)
processor ID
cpu/%
XY data
Solids    #pts=0000000006
  0.100000000000E+01  0.000000000000E+00
  0.200000000000E+01  0.000000000000E+00
  0.300000000000E+01  0.000000000000E+00
  0.400000000000E+01  0.000000000000E+00
  0.500000000000E+01  0.000000000000E+00
  0.600000000000E+01  0.000000000000E+00
endcurve
Shells    #pts=0000000006
  0.100000000000E+01  0.912000000477E+00
  0.200000000000E+01  0.108299999917E+01
  0.300000000000E+01  0.108199999947E+01
  0.400000000000E+01  0.101899999892E+01
  0.500000000000E+01  0.103699999908E+01
  0.600000000000E+01  0.108199999994E+01
endcurve
Tshells   #pts=0000000006
  0.100000000000E+01  0.000000000000E+00
  0.200000000000E+01  0.000000000000E+00
  0.300000000000E+01  0.000000000000E+00
  0.400000000000E+01  0.000000000000E+00
  0.500000000000E+01  0.000000000000E+00
  0.600000000000E+01  0.000000000000E+00
endcurve
Beams     #pts=0000000006
  0.100000000000E+01  0.000000000000E+00
  0.200000000000E+01  0.000000000000E+00
  0.300000000000E+01  0.000000000000E+00
  0.400000000000E+01  0.000000000000E+00
  0.500000000000E+01  0.000000000000E+00
  0.600000000000E+01  0.000000000000E+00
endcurve
Time-Step #pts=0000000006
  0.100000000000E+01  0.280999999959E+00
  0.200000000000E+01  0.141000000760E+00
  0.300000000000E+01  0.142000000458E+00
  0.400000000000E+01  0.205000001006E+00
  0.500000000000E+01  0.187000000849E+00
  0.600000000000E+01  0.158000000287E+00
endcurve
Contact   #pts=0000000006
  0.100000000000E+01  0.160000002943E-01
  0.200000000000E+01  0.160000002943E-01
  0.300000000000E+01  0.000000000000E+00
  0.400000000000E+01  0.000000000000E+00
  0.500000000000E+01  0.000000000000E+00
  0.600000000000E+01  0.000000000000E+00
endcurve
Rigid-Bdy #pts=0000000006
  0.100000000000E+01  0.000000000000E+00
  0.200000000000E+01  0.000000000000E+00
  0.300000000000E+01  0.000000000000E+00
  0.400000000000E+01  0.000000000000E+00
  0.500000000000E+01  0.000000000000E+00
  0.600000000000E+01  0.000000000000E+00
endcurve
Others    #pts=0000000006
  0.100000000000E+01  0.000000000000E+00
  0.200000000000E+01  0.000000000000E+00
  0.300000000000E+01  0.160000002943E-01
  0.400000000000E+01  0.160000002943E-01
  0.500000000000E+01  0.160000002943E-01
  0.600000000000E+01  0.000000000000E+00
endcurve
Misc1     #pts=0000000006
  0.100000000000E+01  0.159999998286E-01
  0.200000000000E+01  0.000000000000E+00
  0.300000000000E+01  0.000000000000E+00
  0.400000000000E+01  0.000000000000E+00
  0.500000000000E+01  0.000000000000E+00
  0.600000000000E+01  0.000000000000E+00
endcurve
Misc2     #pts=0000000006
  0.100000000000E+01  0.000000000000E+00
  0.200000000000E+01  0.000000000000E+00
  0.300000000000E+01  0.000000000000E+00
  0.400000000000E+01  0.000000000000E+00
  0.500000000000E+01  0.000000000000E+00
  0.600000000000E+01  0.000000000000E+00
endcurve
Misc3     #pts=0000000006
  0.100000000000E+01  0.327999999747E+00
  0.200000000000E+01  0.327999999747E+00
  0.300000000000E+01  0.327999999747E+00
  0.400000000000E+01  0.327999999747E+00
  0.500000000000E+01  0.327999999747E+00
  0.600000000000E+01  0.327999999747E+00
endcurve
Misc4     #pts=0000000006
  0.100000000000E+01  0.000000000000E+00
  0.200000000000E+01  0.159999998286E-01
  0.300000000000E+01  0.000000000000E+00
  0.400000000000E+01  0.159999998286E-01
  0.500000000000E+01  0.159999998286E-01
  0.600000000000E+01  0.000000000000E+00
endcurve
%Solids    #pts=0000000006
  0.100000000000E+01  0.000000000000E+00
  0.200000000000E+01  0.000000000000E+00
  0.300000000000E+01  0.000000000000E+00
  0.400000000000E+01  0.000000000000E+00
  0.500000000000E+01  0.000000000000E+00
  0.600000000000E+01  0.000000000000E+00
endcurve
%Shells    #pts=0000000006
  0.100000000000E+01  0.381398461223E+01
  0.200000000000E+01  0.452910672118E+01
  0.300000000000E+01  0.452492472177E+01
  0.400000000000E+01  0.426145867733E+01
  0.500000000000E+01  0.433673469003E+01
  0.600000000000E+01  0.452492472372E+01
endcurve
%Tshells   #pts=0000000006
  0.100000000000E+01  0.000000000000E+00
  0.200000000000E+01  0.000000000000E+00
  0.300000000000E+01  0.000000000000E+00
  0.400000000000E+01  0.000000000000E+00
  0.500000000000E+01  0.000000000000E+00
  0.600000000000E+01  0.000000000000E+00
endcurve
%Beams     #pts=0000000006
  0.100000000000E+01  0.000000000000E+00
  0.200000000000E+01  0.000000000000E+00
  0.300000000000E+01  0.000000000000E+00
  0.400000000000E+01  0.000000000000E+00
  0.500000000000E+01  0.000000000000E+00
  0.600000000000E+01  0.000000000000E+00
endcurve
%Time-Step #pts=0000000006
  0.100000000000E+01  0.117514218785E+01
  0.200000000000E+01  0.589662097524E+00
  0.300000000000E+01  0.593844096931E+00
  0.400000000000E+01  0.857310141376E+00
  0.500000000000E+01  0.782034128677E+00
  0.600000000000E+01  0.660756106920E+00
endcurve
%Contact   #pts=0000000006
  0.100000000000E+01  0.669120119366E-01
  0.200000000000E+01  0.669120119366E-01
  0.300000000000E+01  0.000000000000E+00
  0.400000000000E+01  0.000000000000E+00
  0.500000000000E+01  0.000000000000E+00
  0.600000000000E+01  0.000000000000E+00
endcurve
%Rigid-Bdy #pts=0000000006
  0.100000000000E+01  0.000000000000E+00
  0.200000000000E+01  0.000000000000E+00
  0.300000000000E+01  0.000000000000E+00
  0.400000000000E+01  0.000000000000E+00
  0.500000000000E+01  0.000000000000E+00
  0.600000000000E+01  0.000000000000E+00
endcurve
%Others    #pts=0000000006
  0.100000000000E+01  0.000000000000E+00
  0.200000000000E+01  0.000000000000E+00
  0.300000000000E+01  0.669120119366E-01
  0.400000000000E+01  0.669120119366E-01
  0.500000000000E+01  0.669120119366E-01
  0.600000000000E+01  0.000000000000E+00
endcurve
%Misc1     #pts=0000000006
  0.100000000000E+01  0.669120099892E-01
  0.200000000000E+01  0.000000000000E+00
  0.300000000000E+01  0.000000000000E+00
  0.400000000000E+01  0.000000000000E+00
  0.500000000000E+01  0.000000000000E+00
  0.600000000000E+01  0.000000000000E+00
endcurve
%Misc2     #pts=0000000006
  0.100000000000E+01  0.000000000000E+00
  0.200000000000E+01  0.000000000000E+00
  0.300000000000E+01  0.000000000000E+00
  0.400000000000E+01  0.000000000000E+00
  0.500000000000E+01  0.000000000000E+00
  0.600000000000E+01  0.000000000000E+00
endcurve
%Misc3     #pts=0000000006
  0.100000000000E+01  0.137169621841E+01
  0.200000000000E+01  0.137169621841E+01
  0.300000000000E+01  0.137169621841E+01
  0.400000000000E+01  0.137169621841E+01
  0.500000000000E+01  0.137169621841E+01
  0.600000000000E+01  0.137169621841E+01
endcurve
%Misc4     #pts=0000000006
  0.100000000000E+01  0.000000000000E+00
  0.200000000000E+01  0.669120099892E-01
  0.300000000000E+01  0.000000000000E+00
  0.400000000000E+01  0.669120099892E-01
  0.500000000000E+01  0.669120099892E-01
  0.600000000000E+01  0.000000000000E+00
endcurve
